1 3 G 0 1
0 4 G 0 2
3 7 G 3 5
0 2 8 G 1 3 6
1 5 9 G 2 4 7
4 10 G 4 8
7 12 G 9 12
2 6 13 G 5 9 13
3 9 14 G 6 10 14
4 8 15 G 7 10 15
5 11 16 G 8 11 16
10 17 G 11 17
6 18 G 12 20
7 14 19 G 13 18 21
8 13 20 G 14 18 22
9 16 21 G 15 19 23
10 15 22 G 16 19 24
11 23 G 17 25
12 19 24 G 20 26 29
13 18 25 G 21 26 30
14 21 26 G 22 27 31
15 20 27 G 23 27 32
16 23 28 G 24 28 33
17 22 29 G 25 28 34
18 30 G 29 37
19 26 31 G 30 35 38
20 25 32 G 31 35 39
21 28 33 G 32 36 40
22 27 34 G 33 36 41
23 35 G 34 42
24 31 35 G 37 43 46
25 30 37 G 38 43 47
26 33 38 G 39 44 48
27 32 39 G 40 44 49
28 35 40 G 41 45 50
29 34 41 G 42 45 51
30 42 G 46 54
31 38 43 G 47 52 55
32 37 44 G 48 52 56
33 40 45 G 49 53 57
34 39 46 G 50 53 58
35 47 G 51 59
36 43 G 54 60
37 42 48 G 55 60 63
38 45 49 G 56 61 64
39 44 50 G 57 61 65
40 47 51 G 58 62 66
41 46 G 59 62
43 49 G 63 67
44 48 52 G 64 67 69
45 51 53 G 65 68 70
46 50 G 66 68
49 53 G 69 71
50 52 G 70 71
