0 1 G 1 2
0 3 G 0 3 6
1 4 G 0 4 7
2 3 G 1 5 6
4 5 G 2 7 8
2 7 G 3 9 13
3 8 G 1 3 10 14
4 9 G 2 4 10 15
5 10 G 4 11 16
6 7 G 5 12 13
8 9 G 6 7 14 15
10 11 G 8 16 17
6 12 G 9 20
7 13 G 5 9 18 21
8 14 G 6 7 18 22
9 15 G 7 10 19 23
10 16 G 8 11 19 24
11 17 G 11 25
13 14 G 13 14 21 22
15 16 G 15 16 23 24
12 18 G 12 26 29
13 19 G 13 18 26 30
14 20 G 14 18 27 31
15 21 G 15 19 27 32
16 22 G 16 19 28 33
17 23 G 17 28 34
18 19 G 20 21 29 30
20 21 G 22 23 31 32
22 23 G 24 25 33 34
18 24 G 20 26 37
19 25 G 21 26 35 38
20 26 G 22 27 35 39
21 27 G 23 27 36 40
22 28 G 24 28 36 41
23 29 G 25 28 42
25 26 G 30 31 38 39
27 29 G 32 33 40 41
24 30 G 29 43 46
25 31 G 30 35 43 47
26 32 G 31 35 44 48
27 33 G 32 36 44 49
28 34 G 33 36 45 50
29 35 G 34 45 51
30 31 G 37 38 46 47
32 33 G 39 40 48 49
34 35 G 41 42 50 51
30 36 G 37 43 54
31 37 G 38 43 52 55
32 38 G 39 44 52 56
33 39 G 40 44 53 57
34 40 G 41 45 50 58
35 41 G 42 45 51 59
37 38 G 46 48 55 56
39 40 G 49 50 57 58
36 42 G 46 60
37 43 G 47 52 60 63
38 44 G 48 52 61 64
39 45 G 49 53 61 65
40 46 G 50 53 62 66
41 47 G 51 62
42 43 G 54 55 63
44 45 G 56 57 64 65
46 47 G 58 59 66
43 48 G 55 60 67
44 49 G 56 61 67 69
45 50 G 57 61 68 70
46 51 G 58 62 68
48 49 G 63 64 69
50 51 G 65 66 70
49 52 G 64 67 71
51 53 G 65 68 71
52 53 G 69 70
