0 C 0 1 G 1 2
1 C 0 3 G 0 3 6
2 C 1 4 G 0 4 7
3 C 2 3 G 1 5 6
4 C 4 5 G 2 7 8
5 C 2 7 G 3 9 13
6 C 3 8 G 1 3 10 14
7 C 4 9 G 2 4 10 15
8 C 5 10 G 4 11 16
9 C 6 7 G 5 12 13
10 C 8 9 G 6 7 14 15
11 C 10 11 G 8 16 17
12 C 6 12 G 9 20
13 C 7 13 G 5 9 18 21
14 C 8 14 G 6 7 18 22
15 C 9 15 G 7 10 19 23
16 C 10 16 G 8 11 19 24
17 C 11 17 G 11 25
18 C 13 14 G 13 14 21 22
19 C 15 16 G 15 16 23 24
20 C 12 18 G 12 26 29
21 C 13 19 G 13 18 26 30
22 C 14 20 G 14 18 27 31
23 C 15 21 G 15 19 27 32
24 C 16 22 G 16 19 28 33
25 C 17 23 G 17 28 34
26 C 18 19 G 20 21 29 30
27 C 20 21 G 22 23 31 32
28 C 22 23 G 24 25 33 34
29 C 18 24 G 20 26 37
30 C 19 25 G 21 26 35 38
31 C 20 26 G 22 27 35 39
32 C 21 27 G 23 27 36 40
33 C 22 28 G 24 28 36 41
34 C 23 29 G 25 28 42
35 C 25 26 G 30 31 38 39
36 C 27 29 G 32 33 40 41
37 C 24 30 G 29 43 46
38 C 25 31 G 30 35 43 47
39 C 26 32 G 31 35 44 48
40 C 27 33 G 32 36 44 49
41 C 28 34 G 33 36 45 50
42 C 29 35 G 34 45 51
43 C 30 31 G 37 38 46 47
44 C 32 33 G 39 40 48 49
45 C 34 35 G 41 42 50 51
46 C 30 36 G 37 43 54
47 C 31 37 G 38 43 52 55
48 C 32 38 G 39 44 52 56
49 C 33 39 G 40 44 53 57
50 C 34 40 G 41 45 50 58
51 C 35 41 G 42 45 51 59
52 C 37 38 G 46 48 55 56
53 C 39 40 G 49 50 57 58
54 C 36 42 G 46 60
55 C 37 43 G 47 52 60 63
56 C 38 44 G 48 52 61 64
57 C 39 45 G 49 53 61 65
58 C 40 46 G 50 53 62 66
59 C 41 47 G 51 62
60 C 42 43 G 54 55 63
61 C 44 45 G 56 57 64 65
62 C 46 47 G 58 59 66
63 C 43 48 G 55 60 67
64 C 44 49 G 56 61 67 69
65 C 45 50 G 57 61 68 70
66 C 46 51 G 58 62 68
67 C 48 49 G 63 64 69
68 C 50 51 G 65 66 70
69 C 49 52 G 64 67 71
70 C 51 53 G 65 68 71
71 C 52 53 G 69 70
